4 109369327
9 109910165
0 110194148
8 210938154
5 211048628
6 211666517
2 312923760
1 312989381
7 313162290
3 414823056
10 100864329
12 101836932
19 101819841
16 202455377
17 202533351
18 203208806
11 303178775
14 303237393
15 304745825
13 405495532
25 100849500
29 100990570
24 101710649
26 201644039
20 201859296
23 202118284
27 303544698
21 303652637
28 303623573
22 405476024
39 100900856
33 101642243
32 101791438
37 202510067
38 203151781
30 203266533
36 304438909
31 304848855
34 304845149
35 406318510
49 102000975
40 101907502
41 102083938
42 203882289
47 203890694
48 204000998
45 305821160
43 305843761
46 305827962
44 407710978
55 101844686
59 101965128
54 102114144
53 203582245
58 203621197
50 203759362
56 305253091
51 305322830
52 305339851
57 407101374
64 102294656
69 102413226
63 102450254
68 203110105
62 204020173
66 204019722
61 305165108
65 305199482
67 305208358
60 407127562
71 101765692
70 101887516
79 102041119
77 204039689
76 204184666
72 204329874
74 306030785
78 306022931
73 306088372
75 407927157
83 101963516
80 101855546
89 101958215
85 203584650
88 203750687
82 203783959
86 305652488
81 305660884
84 305783500
87 407672778
99 101193035
94 101822325
95 101736016
91 202462319
96 202935422
92 203381364
90 304420615
97 304574790
98 305052140
93 406351662
